$BPiPprCDJS6;1491314577;eyJfX3R5cGVuYW1lIjoiR3JhcGhJbWFnZSIsImlkIjoiMTQzMjc3NjQ2NTg1ODcyOTE0NiIsImRpbWVuc2lvbnMiOnsiaGVpZ2h0IjoxMDgwLCJ3aWR0aCI6MTA4MH0sImlzX3ZpZGVvIjpmYWxzZSwiY2FwdGlvbl9pc19lZGl0ZWQiOmZhbHNlLCJjb21tZW50c19kaXNhYmxlZCI6ZmFsc2UsImVkZ2VfbWVkaWFfdG9fc3BvbnNvcl91c2VyIjp7ImVkZ2VzIjpbXX0sImxvY2F0aW9uIjp7ImlkIjoiMjEzMjgxMzIwIiwiaGFzX3B1YmxpY19wYWdlIjp0cnVlLCJuYW1lIjoiRHViYWksIFVuaXRlZCBBcmFiIEVtaXJhdGVzIiwic2x1ZyI6ImR1YmFpLXVuaXRlZC1hcmFiLWVtaXJhdGVzIn0sIm93bmVyIjp7ImlkIjoiNjI4MTcxNCIsInByb2ZpbGVfcGljX3VybCI6Imh0dHBzOlwvXC9zY29udGVudC5jZG5pbnN0YWdyYW0uY29tXC90NTEuMjg4NS0xOVwvczE1MHgxNTBcLzE3MDc1OTUzXzI1NTk0MTgwNDg1ODcwMl81ODMzNzI0MzA1NzE5OTUxMzYwX2EuanBnIiwidXNlcm5hbWUiOiJtdXJhZG9zbWFubiIsImZvbGxvd2VkX2J5X3ZpZXdlciI6ZmFsc2UsImZ1bGxfbmFtZSI6Ik11cmFkIE9zbWFubiIsImlzX3ByaXZhdGUiOmZhbHNlLCJyZXF1ZXN0ZWRfYnlfdmlld2VyIjpmYWxzZSwiaXNfdW5wdWJsaXNoZWQiOmZhbHNlLCJibG9ja2VkX2J5X3ZpZXdlciI6ZmFsc2UsImhhc19ibG9ja2VkX3ZpZXdlciI6ZmFsc2V9LCJpc19hZCI6ZmFsc2UsImNvZGUiOiJCUGlQcHJDREpTNiIsImRhdGUiOjE0ODUwMjAyODYsImRpc3BsYXlfc3JjIjoiaHR0cHM6XC9cL3Njb250ZW50LmNkbmluc3RhZ3JhbS5jb21cL3Q1MS4yODg1LTE1XC9lMzVcLzE1ODc2NTkwXzYxODM3MzU4MTcwMzk4MF80MTM1MjI0OTkzOTcxNjk5NzEyX24uanBnIiwiY2FwdGlvbiI6Ik5pZ2h0IHRoaW5raW5nLCBEYXkgZHJlYW1pbmcuLi4iLCJjb21tZW50cyI6eyJjb3VudCI6NjMxLCJwYWdlX2luZm8iOnsiaGFzX25leHRfcGFnZSI6dHJ1ZSwiZW5kX2N1cnNvciI6IkFRQ08wWmtMSDJCV1Rud3UwSlBGQmJmNHhCT3RwZXZucVpmQ0Y1STZPbmEyM3hNay1rMlpOWmRPR2xTM1Y4ZW9Vcy1NbDFYcmNmM0ppaTJITnluU0JiVWNUSmNFa3ZZMGxLVjI3cVh4N3c1OTZRIiwiaGFzX3ByZXZpb3VzX3BhZ2UiOnRydWUsInN0YXJ0X2N1cnNvciI6IkFRQ08wWmtMSDJCV1Rud3UwSlBGQmJmNHhCT3RwZXZucVpmQ0Y1STZPbmEyM3hNay1rMlpOWmRPR2xTM1Y4ZW9Vcy1NbDFYcmNmM0ppaTJITnluU0JiVWNUSmNFa3ZZMGxLVjI3cVh4N3c1OTZRIn0sIm5vZGVzIjpbeyJpZCI6IjE3ODQ5NTY5ODc5MTQ4NDQxIiwidGV4dCI6Ilx1ZDgzZFx1ZGM5OSIsImNyZWF0ZWRfYXQiOjE0ODY3ODE5NzgsInVzZXIiOnsiaWQiOiIzNjgzMjgwODAzIiwicHJvZmlsZV9waWNfdXJsIjoiaHR0cHM6XC9cL3Njb250ZW50LmNkbmluc3RhZ3JhbS5jb21cL3Q1MS4yODg1LTE5XC9zMTUweDE1MFwvMTYxMjM1NzNfNDY2MjA2MTIwNDMzNzU2XzIyOTIwNjg4NTE1MjY5MjYzMzZfbi5qcGciLCJ1c2VybmFtZSI6ImJsdWVtb25kYXlkZW5pbSJ9fSx7ImlkIjoiMTc4NDg5MDE5MjkxNjAxMzUiLCJ0ZXh0IjoiVGhpcyBpcyBhd2Vzb21lISIsImNyZWF0ZWRfYXQiOjE0ODY3OTI4OTIsInVzZXIiOnsiaWQiOiIyOTU2MjgzMDUyIiwicHJvZmlsZV9waWNfdXJsIjoiaHR0cHM6XC9cL3Njb250ZW50LmNkbmluc3RhZ3JhbS5jb21cL3Q1MS4yODg1LTE5XC9zMTUweDE1MFwvMTUzMzcxMDFfMzM4MTExNzc5OTA5Mzg4XzUxODgzNTAxMTE2NjI0NzMyMTZfYS5qcGciLCJ1c2VybmFtZSI6ImRhaWx5bHV4cG9zdHMifX0seyJpZCI6IjE3ODQ4OTQwOTMyMTU0NzAzIiwidGV4dCI6Ilx1ZDgzZFx1ZGUwZFx1ZDgzZFx1ZGUwZFx1ZDgzZFx1ZGUwZCIsImNyZWF0ZWRfYXQiOjE0ODY4MDExOTAsInVzZXIiOnsiaWQiOiIyMDM0MDQ4NTUwIiwicHJvZmlsZV9waWNfdXJsIjoiaHR0cHM6XC9cL3Njb250ZW50LmNkbmluc3RhZ3JhbS5jb21cL3Q1MS4yODg1LTE5XC9zMTUweDE1MFwvMTQ3MjM0ODdfNjkzNDMyNTE3NDg5MzIyXzgwODg2Mzc1ODQxNDc3NDI3MjBfYS5qcGciLCJ1c2VybmFtZSI6InN0aWtsYWthZmFrcmF2YXRhIn19LHsiaWQiOiIxNzg3MTIyNTYxMzA0MDM0NyIsInRleHQiOiJDYXJhY2EsIHF1ZSB0b3AhIFZvY1x1MDBlYSBwcmVjaXNhIFx1MDBlOSB2aXIgcGFyYSBub3NzYSBQb3VzYWRhIGRlc2NhbnNhciEiLCJjcmVhdGVkX2F0IjoxNDg2ODA3NjE4LCJ1c2VyIjp7ImlkIjoiNDA0MjczODU2NSIsInByb2ZpbGVfcGljX3VybCI6Imh0dHBzOlwvXC9zY29udGVudC5jZG5pbnN0YWdyYW0uY29tXC90NTEuMjg4NS0xOVwvczE1MHgxNTBcLzE3MDc2Nzk3XzE5ODY2MDIyMDYxNjY3Ml83NDgyNzYwMzgxNzkwNjgzMTM2X2EuanBnIiwidXNlcm5hbWUiOiJhbGFzZGVsYXNpZXJyYXBvdXNhZGEifX0seyJpZCI6IjE3ODQ5NTM0MjI3MTQ2NjYwIiwidGV4dCI6Ik9NRyB0aGlzIGxvb2sgYmFjay1raWxsIiwiY3JlYXRlZF9hdCI6MTQ4NjgyNDA2NiwidXNlciI6eyJpZCI6IjMxNjA3NTExNjgiLCJwcm9maWxlX3BpY191cmwiOiJodHRwczpcL1wvc2NvbnRlbnQuY2RuaW5zdGFncmFtLmNvbVwvdDUxLjI4ODUtMTlcL3MxNTB4MTUwXC8xMjkxMjY3N18yNzIyMzI2ODk3ODEzMTZfMjAzNTAzMDEwOV9hLmpwZyIsInVzZXJuYW1lIjoiemhqcnVvIn19LHsiaWQiOiIxNzg2NTc0MjAzMzA3MDk3MiIsInRleHQiOiJJU1RBTkJVTD8iLCJjcmVhdGVkX2F0IjoxNDg2ODMwMjM2LCJ1c2VyIjp7ImlkIjoiMTg2OTQxNDE5IiwicHJvZmlsZV9waWNfdXJsIjoiaHR0cHM6XC9cL3Njb250ZW50LmNkbmluc3RhZ3JhbS5jb21cL3Q1MS4yODg1LTE5XC9zMTUweDE1MFwvMTc0OTQyODFfMTExODQ4NTI2NDk2MzUyMl8yMzEwNTQ4ODI0NDkxMjk0NzIwX2EuanBnIiwidXNlcm5hbWUiOiJuZXNlYXRhc295In19LHsiaWQiOiIxNzg2MTE3NzIzNjEwMzQwOCIsInRleHQiOiJcdTA0MWFcdTA0NDBcdTA0MzBcdTA0NDFcdTA0MzhcdTA0MzJcdTA0M2UhIiwiY3JlYXRlZF9hdCI6MTQ4Njg5MDEzNiwidXNlciI6eyJpZCI6IjMxMTIyMDk0MDkiLCJwcm9maWxlX3BpY191cmwiOiJodHRwczpcL1wvc2NvbnRlbnQuY2RuaW5zdGFncmFtLmNvbVwvdDUxLjI4ODUtMTlcL3MxNTB4MTUwXC8xNjEyMzAwNF82NjEwNjU5MTA3Njc0MDNfNzQ4Mjk0NTM4MzIxMTk5MTA0X24uanBnIiwidXNlcm5hbWUiOiJpbmRpcmFfbXVzaWMifX0seyJpZCI6IjE3ODcxNzczODc1MDQ2NTc2IiwidGV4dCI6IlByZXR0eSBzd2VldCA6KSIsImNyZWF0ZWRfYXQiOjE0ODY5NDg2NTMsInVzZXIiOnsiaWQiOiI0MjQ1NDM5NzQyIiwicHJvZmlsZV9waWNfdXJsIjoiaHR0cHM6XC9cL3Njb250ZW50LmNkbmluc3RhZ3JhbS5jb21cL3Q1MS4yODg1LTE5XC9zMTUweDE1MFwvMTY0NjQ0MDJfMjY3MDY4MDgzNzI3ODIwXzEzNTMyMDQzNTk0MjQzNzY4MzJfYS5qcGciLCJ1c2VybmFtZSI6InF1ZWVuLmxvdmViaWtpbmkifX0seyJpZCI6IjE3ODQ5MDI1MzA3MTg5OTI2IiwidGV4dCI6Ilx1ZDgzY1x1ZGYwZSIsImNyZWF0ZWRfYXQiOjE0ODY5Nzc5OTEsInVzZXIiOnsiaWQiOiIzNzk5NiIsInByb2ZpbGVfcGljX3VybCI6Imh0dHBzOlwvXC9zY29udGVudC5jZG5pbnN0YWdyYW0uY29tXC90NTEuMjg4NS0xOVwvczE1MHgxNTBcLzE3MjY1NzkzXzE2NTY0NTI5NTc5OTE5MTNfNDk5MDY5MzkzODU4NDA5MjY3Ml9hLmpwZyIsInVzZXJuYW1lIjoidHJhdmVsIn19LHsiaWQiOiIxNzg0OTEyMTQxMjE3NjE0NCIsInRleHQiOiJNYXliZSB5b3Ugc2hvdWxkIHNlZSBPbWFuIG5vdyAhISEgQG11cmFkb3NtYW5uIiwiY3JlYXRlZF9hdCI6MTQ4Njk5MDI5OSwidXNlciI6eyJpZCI6IjIwMDEyNjA3MTgiLCJwcm9maWxlX3BpY191cmwiOiJodHRwczpcL1wvc2NvbnRlbnQuY2RuaW5zdGFncmFtLmNvbVwvdDUxLjI4ODUtMTlcL3MxNTB4MTUwXC8xMTMyNDk2Nl85MzU4MzA3NDk4MjE4OTRfNDQ1MzI5MTE3X2EuanBnIiwidXNlcm5hbWUiOiJyYW5pYS5raG9kciJ9fSx7ImlkIjoiMTc4NzI0OTc4OTUwMzg5NzciLCJ0ZXh0IjoiSSB3YXMgaW4gZHViYWkgdGhlIHNhbWUgZGF5LiB3YXMgaW4gZGVzZXJ0IG9uIDIybmQgSmFudWFyeS4gSSB0b28gY2xpY2tlZCBzb21lIHNpbXBsZSBjbGlja3MgaW4gZGVzZXJ0IHRoZW4uIE5vdCBhcyBnb29kIHRob3VnaCEgXHUyNjNhIiwiY3JlYXRlZF9hdCI6MTQ4Njk5NDAwMSwidXNlciI6eyJpZCI6IjE3NDE0ODI0MjkiLCJwcm9maWxlX3BpY191cmwiOiJodHRwczpcL1wvc2NvbnRlbnQuY2RuaW5zdGFncmFtLmNvbVwvdDUxLjI4ODUtMTlcL3MxNTB4MTUwXC8xMzI1NzA5N18xMDc5ODYyMTkyMDUyNTcxXzEzNDAzNTYxMzRfYS5qcGciLCJ1c2VybmFtZSI6Im1yaWdha3NoaTAwNSJ9fSx7ImlkIjoiMTc4NjMxMTI1MjEwNzM2ODQiLCJ0ZXh0IjoiXHVkODNkXHVkZTBkXHVkODNkXHVkZTBkXHVkODNkXHVkZTBkIiwiY3JlYXRlZF9hdCI6MTQ4NzAyNjA0NiwidXNlciI6eyJpZCI6Ijg2MTU1NDM2NiIsInByb2ZpbGVfcGljX3VybCI6Imh0dHBzOlwvXC9zY29udGVudC5jZG5pbnN0YWdyYW0uY29tXC90NTEuMjg4NS0xOVwvczE1MHgxNTBcLzE3MzM0MTk3XzI3NTc3MjE3Mjg2Mzg2OV8xMzY0NzkwMDU5NDc1MTQwNjA4X2EuanBnIiwidXNlcm5hbWUiOiJuYXRhbGllem5nIn19LHsiaWQiOiIxNzg2MTI0MzU5MDExNTY0NCIsInRleHQiOiJcdWQ4M2RcdWRjY2QiLCJjcmVhdGVkX2F0IjoxNDg3MDMyNDg5LCJ1c2VyIjp7ImlkIjoiNTk4OTI3OSIsInByb2ZpbGVfcGljX3VybCI6Imh0dHBzOlwvXC9zY29udGVudC5jZG5pbnN0YWdyYW0uY29tXC90NTEuMjg4NS0xOVwvczE1MHgxNTBcLzEyMDgxMjgxXzQ2NzM0ODgyNjc4MjM3M182MTQzODA0OF9hLmpwZyIsInVzZXJuYW1lIjoibmFuZG9lY2ljYSJ9fSx7ImlkIjoiMTc4NTk2MTQ0MzQwOTIyNDAiLCJ0ZXh0IjoiXHUwNDFhXHUwNDQwXHUwNDMwXHUwNDQxXHUwNDM4XHUwNDMyXHUwNDNlLCBcdTA0NGRcdTA0NDRcdTA0NDRcdTA0MzVcdTA0M2FcdTA0NDJcdTA0M2RcdTA0M2UuLi4gXHUwNDNmXHUwNDQwXHUwNDM4XHUwNDMzXHUwNDNiXHUwNDMwXHUwNDQ4XHUwNDMwXHUwNDRlIFx1MDQzYSBcdTA0NDFcdTA0MzVcdTA0MzFcdTA0MzUgXHUwNDMyIFx1MDQzM1x1MDQzMFx1MDQzYlx1MDQzNVx1MDQ0MFx1MDQzNVx1MDQ0ZSBcdTA0M2RcdTA0MzAgXHUwNDQ0XHUwNDNlXHUwNDQyXHUwNDNlXHUwNDQxXHUwNDM1XHUwNDQxXHUwNDQxXHUwNDM4XHUwNDRlIFx1MDQzMiBcdTA0M2ZcdTA0M2VcdTA0M2RcdTA0NDdcdTA0M2UgXHUwNDM4XHUwNDM3IFx1MDQ0OFx1MDQzNVx1MDQ0MFx1MDQ0MVx1MDQ0Mlx1MDQzOCBcdTA0MzJcdTA0MzhcdTA0M2FcdTA0NDNcdTA0M2RcdTA0NGNcdTA0NGYuLi4gXHUwNDNlXHUwNDQxXHUwNDNlXHUwNDMxXHUwNDRiXHUwNDM1IFx1MDQ0M1x1MDQ0MVx1MDQzYlx1MDQzZVx1MDQzMlx1MDQzOFx1MDQ0ZiBcdTA0MzNcdTA0MzBcdTA0NDBcdTA0MzBcdTA0M2RcdTA0NDJcdTA0MzhcdTA0NDBcdTA0NDNcdTA0NGUiLCJjcmVhdGVkX2F0IjoxNDg3MTU3NTIxLCJ1c2VyIjp7ImlkIjoiNDE2ODUxODI2NCIsInByb2ZpbGVfcGljX3VybCI6Imh0dHBzOlwvXC9zY29udGVudC5jZG5pbnN0YWdyYW0uY29tXC90NTEuMjg4NS0xOVwvczE1MHgxNTBcLzE3NDM3NzEyXzk5MDgyMTkyMTA1MTQ1NF83OTA3MjA2OTg1NzY0ODMxMjMyX2EuanBnIiwidXNlcm5hbWUiOiJhbHBhY2FfY2x1Yl9tc2sifX0seyJpZCI6IjE3ODcyNjU0MDA2MDYyMDAwIiwidGV4dCI6Ilx1MjYwMFx1ZmUwZlx1ZDgzZFx1ZGM5Ylx1ZDgzZFx1ZGU0Y1x1ZDgzY1x1ZGZmYyBcdTA0M2ZcdTA0NDNcdTA0NDFcdTA0NDJcdTA0NGJcdTA0M2RcdTA0NGYgXHUwNDNjXHUwNDMwXHUwNDNkXHUwNDM4XHUwNDQyIFx1MDQzOCBcdTA0MzdcdTA0M2VcdTA0MzJcdTA0NTFcdTA0NDIiLCJjcmVhdGVkX2F0IjoxNDg3MjQyMzI5LCJ1c2VyIjp7ImlkIjoiMjk4MzE5ODMwOCIsInByb2ZpbGVfcGljX3VybCI6Imh0dHBzOlwvXC9zY29udGVudC5jZG5pbnN0YWdyYW0uY29tXC90NTEuMjg4NS0xOVwvczE1MHgxNTBcLzE3MjY2MDk4XzE2MjQ2NDQzOTQ1MTE3NTdfNjk3Mjk2MDE5NzY4NTgwNTA1Nl9hLmpwZyIsInVzZXJuYW1lIjoiZGFvY29hY2gifX0seyJpZCI6IjE3ODczNDQzOTc4MDUxMzA1IiwidGV4dCI6InN0dW5uaW5nIHBsYWNlISIsImNyZWF0ZWRfYXQiOjE0ODcyNTYxNTksInVzZXIiOnsiaWQiOiIyMjUxOTM4MzMiLCJwcm9maWxlX3BpY191cmwiOiJodHRwczpcL1wvc2NvbnRlbnQuY2RuaW5zdGFncmFtLmNvbVwvdDUxLjI4ODUtMTlcL3MxNTB4MTUwXC8xNTA0ODE1OF8zMzg4MzM0MjMxNTE1MjZfNjU1Mjg1MTgxNTYyMzI5NDk3Nl9hLmpwZyIsInVzZXJuYW1lIjoiY2FyaWJlcGhvdG8ifX0seyJpZCI6IjE3ODQ5MzUyNzMzMTkzNTM2IiwidGV4dCI6IkBuZWVyYWpfbWFsaSBpbmtpIHBvc3QgZGVraGk/PyIsImNyZWF0ZWRfYXQiOjE0ODczMzIwODUsInVzZXIiOnsiaWQiOiIxMjgzMTAwNTMzIiwicHJvZmlsZV9waWNfdXJsIjoiaHR0cHM6XC9cL3Njb250ZW50LmNkbmluc3RhZ3JhbS5jb21cL3Q1MS4yODg1LTE5XC9zMTUweDE1MFwvMTU4MDMxMzVfMTc2Mzg2MjU0NzI2OTQzNV8yOTc3ODM0NTExNDY4ODU1Mjk2X2EuanBnIiwidXNlcm5hbWUiOiJpYW1zaGl2YW5paWkifX0seyJpZCI6IjE3ODcyNjI4Mzk4MDE0MzkyIiwidGV4dCI6IkBpYW1zaGl2YW5paWkgYWJoaSBkZWtoaSBqdXN0LiBcdWQ4M2RcdWRlMDkgXHVkODNkXHVkYzRjIiwiY3JlYXRlZF9hdCI6MTQ4NzMzMjg5MywidXNlciI6eyJpZCI6IjMxMzAzNTQwMjQiLCJwcm9maWxlX3BpY191cmwiOiJodHRwczpcL1wvc2NvbnRlbnQuY2RuaW5zdGFncmFtLmNvbVwvdDUxLjI4ODUtMTlcL3MxNTB4MTUwXC8xNTEwMTUyMl85MjA4MzA1NzEzODM4MTlfMzYzNTc5NjA5OTMyNDcwNjgxNl9hLmpwZyIsInVzZXJuYW1lIjoibmVlcmFqX21hbGkifX0seyJpZCI6IjE3ODUxNzI0NjUwMTM4NjA0IiwidGV4dCI6IkByYW5kb21ubzcyIGFuZCB0aGlzIiwiY3JlYXRlZF9hdCI6MTQ4Nzc4Nzk1OCwidXNlciI6eyJpZCI6IjE0MTU2MzgyNjYiLCJwcm9maWxlX3BpY191cmwiOiJodHRwczpcL1wvc2NvbnRlbnQuY2RuaW5zdGFncmFtLmNvbVwvdDUxLjI4ODUtMTlcL3MxNTB4MTUwXC8xNzQzODUzN18xODIxODQ0ODI0NzMyMzg4XzE2MjUyOTU4Mzc2MTU2MjAwOTZfYS5qcGciLCJ1c2VybmFtZSI6InN5ZWRsZWdlbmQifX0seyJpZCI6IjE3ODUwNzE3ODc3MTUwNzk4IiwidGV4dCI6Ilx1ZDgzZFx1ZGQyNVx1ZDgzZFx1ZGQyNVx1ZDgzZFx1ZGQyNSIsImNyZWF0ZWRfYXQiOjE0ODc4ODU2MTMsInVzZXIiOnsiaWQiOiI0NDczNjUzNjE3IiwicHJvZmlsZV9waWNfdXJsIjoiaHR0cHM6XC9cL3Njb250ZW50LmNkbmluc3RhZ3JhbS5jb21cL3Q1MS4yODg1LTE5XC9zMTUweDE1MFwvMTYxMjI4NjVfMjM5NjY3NzQ2NDQzOTI0XzIxMTA5NDAyMTUxMTQ3Mjc0MjRfYS5qcGciLCJ1c2VybmFtZSI6Im9wdGlvbmFsbWlsZXMifX0seyJpZCI6IjE3ODUxMTEyNTQ4MTQ3OTYzIiwidGV4dCI6Ik5pY2UgcGljLiA7KSIsImNyZWF0ZWRfYXQiOjE0ODgxNjA4NjUsInVzZXIiOnsiaWQiOiI0MjY5NDU5MDg1IiwicHJvZmlsZV9waWNfdXJsIjoiaHR0cHM6XC9cL3Njb250ZW50LmNkbmluc3RhZ3JhbS5jb21cL3Q1MS4yODg1LTE5XC9zMTUweDE1MFwvMTU1Mzg5NzBfMzA2NDgxODU2NDE0NjQ0XzE1MjcwMDUxMjQ0OTk2MDM0NTZfYS5qcGciLCJ1c2VybmFtZSI6ImV4cGxvcmtpbmcifX0seyJpZCI6IjE3ODUwMTM4Njk0MTgxNjM2IiwidGV4dCI6IldoYXQgYSBiZWF1dGlmdWwgZHJlc3MhIiwiY3JlYXRlZF9hdCI6MTQ4ODE5MjczMSwidXNlciI6eyJpZCI6IjMwNDQ2NDM4MDYiLCJwcm9maWxlX3BpY191cmwiOiJodHRwczpcL1wvc2NvbnRlbnQuY2RuaW5zdGFncmFtLmNvbVwvdDUxLjI4ODUtMTlcL3MxNTB4MTUwXC8xNzI2NzMzNF8xMjUwMjQwMTgxNzY0MzU4XzM3MjQ4MzgxMjg2NDk3NjQ4NjRfYS5qcGciLCJ1c2VybmFtZSI6IndhbmRlcmluZ215d2F5In19LHsiaWQiOiIxNzg1MDUxNjU3NDE1NTIwNSIsInRleHQiOiJAbXVyYWRvc21hbm4gVEhBVCdTIE1ZIExJTkUgXHVkODNkXHVkZTAyIiwiY3JlYXRlZF9hdCI6MTQ4ODI1OTY4OSwidXNlciI6eyJpZCI6IjQyMjExMjE5MzIiLCJwcm9maWxlX3BpY191cmwiOiJodHRwczpcL1wvc2NvbnRlbnQuY2RuaW5zdGFncmFtLmNvbVwvdDUxLjI4ODUtMTlcL3MxNTB4MTUwXC8xNzEyNjQwMF8xOTAxNDQwODgwMDk4NzQ4XzMyOTA4OTY5NzExODY4MzEzNl9hLmpwZyIsInVzZXJuYW1lIjoiaWp1c3Rkb250Ll8uY2FyZSJ9fSx7ImlkIjoiMTc4NzM3NjQ2MDMwMDk4NDIiLCJ0ZXh0IjoiQmVhdXRpZnVsIGNhcHR1cmUhIiwiY3JlYXRlZF9hdCI6MTQ4ODI2NTU3MSwidXNlciI6eyJpZCI6IjU5OTE5MjYzMiIsInByb2ZpbGVfcGljX3VybCI6Imh0dHBzOlwvXC9zY29udGVudC5jZG5pbnN0YWdyYW0uY29tXC90NTEuMjg4NS0xOVwvczE1MHgxNTBcLzEzNzQzNjYzXzE1ODA1OTkwMzIyMzQ3NDNfMTUxMTQzNDkzX2EuanBnIiwidXNlcm5hbWUiOiJoYWxvb2RpZXMifX0seyJpZCI6IjE3ODczMTI1OTkwMDMyODEzIiwidGV4dCI6Ilx1ZDgzZFx1ZGM0ZCBcdTA0MzVcdTA0NDlcdTA0MzUgXHUwNDMxXHUwNDRiIFx1MDQ0MSBcdTA0MzJcdTA0NGJcdTA0NDFcdTA0M2VcdTA0NDJcdTA0NGIgXHUwNDMxXHUwNDRiIFx1MDQ0N1x1MDQ0Mlx1MDQzZS1cdTA0M2RcdTA0MzhcdTA0MzFcdTA0NDNcdTA0MzRcdTA0NGMgXHUwNDNmXHUwNDQwXHUwNDM4XHUwNDM0XHUwNDQzXHUwNDNjXHUwNDMwXHUwNDQyXHUwNDRjISIsImNyZWF0ZWRfYXQiOjE0ODgzMDQ1MTYsInVzZXIiOnsiaWQiOiI0NzA2ODM5ODk5IiwicHJvZmlsZV9waWNfdXJsIjoiaHR0cHM6XC9cL3Njb250ZW50LmNkbmluc3RhZ3JhbS5jb21cL3Q1MS4yODg1LTE5XC9zMTUweDE1MFwvMTY3ODkxMzdfOTc5Mjg5MjY1NTM5NTk3Xzg0NjMwNzg5NzkxMTEyMjMyOTZfYS5qcGciLCJ1c2VybmFtZSI6ImNvcHRlcmRyb25lcy5ydSJ9fSx7ImlkIjoiMTc4NjIwODUzMDAxMjE2NTMiLCJ0ZXh0IjoiXCJUaGUgaW5zdGFncmFtIGNvdXBsZVwiIEBhcmlhbmEuay4xMjM0IiwiY3JlYXRlZF9hdCI6MTQ4ODM4MDMzMCwidXNlciI6eyJpZCI6IjE1OTYzMzE3OTkiLCJwcm9maWxlX3BpY191cmwiOiJodHRwczpcL1wvc2NvbnRlbnQuY2RuaW5zdGFncmFtLmNvbVwvdDUxLjI4ODUtMTlcL3MxNTB4MTUwXC8xNjkwNjQ1MV8xODcyNTI5NTU5NjU1MTkzXzQwMDA1NTYyMzg1NzEwNDQ4NjRfYS5qcGciLCJ1c2VybmFtZSI6ImthaXRseW4ubG8ifX0seyJpZCI6IjE3ODUwMjU5Nzk1MTg2NTY4IiwidGV4dCI6Ilx1ZDgzZFx1ZGM5YVx1ZDgzZFx1ZGM5YVx1ZDgzZFx1ZGM5YVx1ZDgzZFx1ZGM5YVx1ZDgzZFx1ZGM5YSIsImNyZWF0ZWRfYXQiOjE0ODgzODc0MDksInVzZXIiOnsiaWQiOiIyMTE3Mjk5NDk4IiwicHJvZmlsZV9waWNfdXJsIjoiaHR0cHM6XC9cL3Njb250ZW50LmNkbmluc3RhZ3JhbS5jb21cL3Q1MS4yODg1LTE5XC9zMTUweDE1MFwvMTQxMzQ1MDVfMTc3NjU4MzA5NTg5Mjc1MV8xMDY5OTIxNzU3X2EuanBnIiwidXNlcm5hbWUiOiJmb2xrZ3JlZW4ifX0seyJpZCI6IjE3ODUyNDM3MjUyMTM3ODAzIiwidGV4dCI6IkByZWJla2Fsb29yaWFuZSIsImNyZWF0ZWRfYXQiOjE0ODg0MDE5MDgsInVzZXIiOnsiaWQiOiIzNTc2MjE0MTMiLCJwcm9maWxlX3BpY191cmwiOiJodHRwczpcL1wvc2NvbnRlbnQuY2RuaW5zdGFncmFtLmNvbVwvdDUxLjI4ODUtMTlcL3MxNTB4MTUwXC8xNjEyMzE5MF8xNzMyMDQyMzI3MTI1MDE5XzM3ODAyMjkwMDc2MDYyODQyODhfYS5qcGciLCJ1c2VybmFtZSI6ImxvcmVuYWNhcm9vbGluZSJ9fSx7ImlkIjoiMTc4NzUzMTkwMjMwMDM4MjAiLCJ0ZXh0IjoiXHUwNDFlXHUwNDQyXHUwNDNiXHUwNDM4XHUwNDQ3XHUwNDNkXHUwNDRiXHUwNDM5IFx1MDQzYVx1MDQzMFx1MDQzNFx1MDQ0MCBcdWQ4M2RcdWRlMTgiLCJjcmVhdGVkX2F0IjoxNDg5MDgzMzQ2LCJ1c2VyIjp7ImlkIjoiNDcwODU0MDYxOCIsInByb2ZpbGVfcGljX3VybCI6Imh0dHBzOlwvXC9zY29udGVudC5jZG5pbnN0YWdyYW0uY29tXC90NTEuMjg4NS0xOVwvczE1MHgxNTBcLzE2Nzg4NjAzXzE3NjQxOTg1NjcyMzAzNjBfODkyODc1ODcxMjIzNTk4Mjg0OF9hLmpwZyIsInVzZXJuYW1lIjoic3Rhcl9raWRzX3RtIn19LHsiaWQiOiIxNzg2Mjg2MDgwNjEyNDU5MCIsInRleHQiOiJUYWtlIG1lIHRoZXJlIEBzcGFjb2ZyZXNoIFx1ZDgzZFx1ZGM5YiIsImNyZWF0ZWRfYXQiOjE0ODkyMjg4MzEsInVzZXIiOnsiaWQiOiIyMTY4OTUyMDYiLCJwcm9maWxlX3BpY191cmwiOiJodHRwczpcL1wvc2NvbnRlbnQuY2RuaW5zdGFncmFtLmNvbVwvdDUxLjI4ODUtMTlcLzEwOTMyNTQxXzg2MTU4MzU5NzI3MTI4Ml8yMDY3ODc5ODQxX2EuanBnIiwidXNlcm5hbWUiOiJwYXRyaXBpc2NpczkwIn19LHsiaWQiOiIxNzg1MTQ2NDY4ODE1Njg0NSIsInRleHQiOiJJIGxvdmUgdGhlIGdpcmwncyBkcmVzcyEgQWN0dWFsbHkgZXZlcnkgY2xvdGggc2hlIHdvcmUgaW4gdGhlIHBob3RvIGlzIGFtYXppbmchIiwiY3JlYXRlZF9hdCI6MTQ4OTMxMTI3NCwidXNlciI6eyJpZCI6IjI0NzU0ODQzNjIiLCJwcm9maWxlX3BpY191cmwiOiJodHRwczpcL1wvc2NvbnRlbnQuY2RuaW5zdGFncmFtLmNvbVwvdDUxLjI4ODUtMTlcL3MxNTB4MTUwXC8xMjQ0NjI1M18xOTQ1NjYzNzc1NjIwODVfMTIwMzE2NTAxOF9hLmpwZyIsInVzZXJuYW1lIjoiY3ludGhpYV9xaXVfeiJ9fSx7ImlkIjoiMTc4NjM2MDM2OTMxMTUwMjAiLCJ0ZXh0IjoiQHlhcmllc2NvYmFyIiwiY3JlYXRlZF9hdCI6MTQ4OTMyNzcyNywidXNlciI6eyJpZCI6IjQ0NjY4NTczNjkiLCJwcm9maWxlX3BpY191cmwiOiJodHRwczpcL1wvc2NvbnRlbnQuY2RuaW5zdGFncmFtLmNvbVwvdDUxLjI4ODUtMTlcL3MxNTB4MTUwXC8xNzU4NjgwM18xODkzMDM4NzMwOTE0NzU3XzI3MjUxMDY0OTM4OTk2Njk1MDRfYS5qcGciLCJ1c2VybmFtZSI6ImhqbWwxMDAwMDAifX0seyJpZCI6IjE3ODUxMjA5ODc3MTY5MjQzIiwidGV4dCI6IkBwYXRyaXBpc2NpczkwIGxldCdzIGdvIFx1ZDgzZFx1ZGUxOCIsImNyZWF0ZWRfYXQiOjE0ODk0ODY0MjEsInVzZXIiOnsiaWQiOiI1MjcwNDY4MDUiLCJwcm9maWxlX3BpY191cmwiOiJodHRwczpcL1wvc2NvbnRlbnQuY2RuaW5zdGFncmFtLmNvbVwvdDUxLjI4ODUtMTlcLzExMDg0OTA0XzE1ODU5NTY0MjE2NzQ3ODFfOTIzODQ1MjU2X2EuanBnIiwidXNlcm5hbWUiOiJzcGFjb2ZyZXNoIn19LHsiaWQiOiIxNzg1MzUxMjY0NzEzNDQ5MyIsInRleHQiOiJKdXN0IHRoZXJlIGFuZCBsb3ZlZCBpdCIsImNyZWF0ZWRfYXQiOjE0ODk1MTQyOTAsInVzZXIiOnsiaWQiOiIyMzQ3MjE4NjE4IiwicHJvZmlsZV9waWNfdXJsIjoiaHR0cHM6XC9cL3Njb250ZW50LmNkbmluc3RhZ3JhbS5jb21cL3Q1MS4yODg1LTE5XC9zMTUweDE1MFwvMTIzMzE4NjFfMTY4NDA2NjU0ODU0MzczMl8xODQyMTc4NDYyX2EuanBnIiwidXNlcm5hbWUiOiJzaGFuZWFzYXZvdXJzIn19LHsiaWQiOiIxNzg1MzcyODgxODE0MDA3NSIsInRleHQiOiJcdWQ4M2RcdWRlMThAZmVsaXhjaGFuMTIyMSIsImNyZWF0ZWRfYXQiOjE0ODk2ODE3MDQsInVzZXIiOnsiaWQiOiIyMjU2MDU1NCIsInByb2ZpbGVfcGljX3VybCI6Imh0dHBzOlwvXC9zY29udGVudC5jZG5pbnN0YWdyYW0uY29tXC90NTEuMjg4NS0xOVwvczE1MHgxNTBcLzE1MDM1NTk1Xzc3MTk5MDg3OTYzODYzMl84NjQ1NTI1NTIxOTQzMjMyNTEyX2EuanBnIiwidXNlcm5hbWUiOiJ5YW5hY2hvaSJ9fSx7ImlkIjoiMTc4NzQ2ODI5OTAwMDk0MzIiLCJ0ZXh0IjoiXHUwNjQ1XHUwNjI3IFx1MDYzNFx1MDYyN1x1MDYyMSBcdTA2MjdcdTA2NDRcdTA2NDRcdTA2NDcgXHUwNjQzXHUwNjQ2XHUwNjJhIFx1MDY0NFx1MDYzN1x1MDY0YVx1MDY0MSBcdTA2MmNcdTA2MmZcdTA2MjcuIiwiY3JlYXRlZF9hdCI6MTQ4OTc0NjYwMiwidXNlciI6eyJpZCI6IjE0Mjc0MjczNTIiLCJwcm9maWxlX3BpY191cmwiOiJodHRwczpcL1wvc2NvbnRlbnQuY2RuaW5zdGFncmFtLmNvbVwvdDUxLjI4ODUtMTlcL3MxNTB4MTUwXC8xNzQ5NDgyN18xMjM1Njc1NDY5ODgxNzYwXzc4NTU1MjkzNzIzMjM2NzYxNjBfYS5qcGciLCJ1c2VybmFtZSI6ImFsaWhhaWRlcjYyNyJ9fSx7ImlkIjoiMTc4NTE0NTgwOTQxNjA2ODYiLCJ0ZXh0IjoiXHVkODNkXHVkZTAxIiwiY3JlYXRlZF9hdCI6MTQ4OTc3MTA1MCwidXNlciI6eyJpZCI6IjUzNDU1NTEiLCJwcm9maWxlX3BpY191cmwiOiJodHRwczpcL1wvc2NvbnRlbnQuY2RuaW5zdGFncmFtLmNvbVwvdDUxLjI4ODUtMTlcL3MxNTB4MTUwXC8xNjkwODE4OF83NTkyMDQ5ODQyMjkxMzNfNDE2MDQyNjM3MTcxMDk3NjAwX2EuanBnIiwidXNlcm5hbWUiOiJ3b3NoaWJ1ODgifX0seyJpZCI6IjE3ODc0NzQxODYyMDAwMDk1IiwidGV4dCI6Imdvb2QiLCJjcmVhdGVkX2F0IjoxNDkwMjgyMzE5LCJ1c2VyIjp7ImlkIjoiNDY0NjY2MjE2OCIsInByb2ZpbGVfcGljX3VybCI6Imh0dHBzOlwvXC9zY29udGVudC5jZG5pbnN0YWdyYW0uY29tXC90NTEuMjg4NS0xOVwvczE1MHgxNTBcLzE3NDM4MzIyXzEzNDAzODgxMDQ1OTI3NV82MTQ5OTA5MTQyMjM3NjA5OTg0X2EuanBnIiwidXNlcm5hbWUiOiJzZXp0ZW9yeSJ9fV19LCJsaWtlcyI6eyJjb3VudCI6MTU1Mjc5LCJ2aWV3ZXJfaGFzX2xpa2VkIjpmYWxzZSwibm9kZXMiOlt7InVzZXIiOnsiaWQiOiI1MDM5MDkwODYiLCJwcm9maWxlX3BpY191cmwiOiJodHRwczpcL1wvc2NvbnRlbnQuY2RuaW5zdGFncmFtLmNvbVwvdDUxLjI4ODUtMTlcL3MxNTB4MTUwXC8xNjU4NDg3MV8xODc2MzI2OTUyNTgzOTMxXzI4MzQ4NDY3NDgwMTMyMzIxMjhfYS5qcGciLCJ1c2VybmFtZSI6ImRhcml5YWdhbGFraGEifX0seyJ1c2VyIjp7ImlkIjoiMTE0Mjg0NzAxNiIsInByb2ZpbGVfcGljX3VybCI6Imh0dHBzOlwvXC9zY29udGVudC5jZG5pbnN0YWdyYW0uY29tXC90NTEuMjg4NS0xOVwvczE1MHgxNTBcLzE0MjcyMjQ1XzE3MDA3MjA3NDM1ODQxOTVfODQwMjI4MTUwX2EuanBnIiwidXNlcm5hbWUiOiJwaG90b2hhc2FldiJ9fSx7InVzZXIiOnsiaWQiOiIzNDQ3MDE0NTU2IiwicHJvZmlsZV9waWNfdXJsIjoiaHR0cHM6XC9cL3Njb250ZW50LmNkbmluc3RhZ3JhbS5jb21cL3Q1MS4yODg1LTE5XC9zMTUweDE1MFwvMTMzOTExODRfMTU1MTIyNjMxNTY3NTUzXzU3Njc3MTU0OF9hLmpwZyIsInVzZXJuYW1lIjoianVzdC5zYWJpbmE2NjYifX0seyJ1c2VyIjp7ImlkIjoiMTYyMjEwMzYwNiIsInByb2ZpbGVfcGljX3VybCI6Imh0dHBzOlwvXC9zY29udGVudC5jZG5pbnN0YWdyYW0uY29tXC90NTEuMjg4NS0xOVwvMTA5MTk1MjFfMzQ4MDE4NzIyMDY0NzgyXzEwNDM5ODQ4NDhfYS5qcGciLCJ1c2VybmFtZSI6InJpbmt1X2RpYXMifX0seyJ1c2VyIjp7ImlkIjoiMjQzODQ5MTExIiwicHJvZmlsZV9waWNfdXJsIjoiaHR0cHM6XC9cL3Njb250ZW50LmNkbmluc3RhZ3JhbS5jb21cL3Q1MS4yODg1LTE5XC9zMTUweDE1MFwvMTYxMjM0NThfNzYzNjkwNDkwNDQ1OTc0XzQ0Mzc0NDMwOTUwNTg5NzI2NzJfYS5qcGciLCJ1c2VybmFtZSI6ImRlbml0c2F2bGFkaW1pcm92YSJ9fSx7InVzZXIiOnsiaWQiOiIxMTM0ODc5MTg2IiwicHJvZmlsZV9waWNfdXJsIjoiaHR0cHM6XC9cL3Njb250ZW50LmNkbmluc3RhZ3JhbS5jb21cL3Q1MS4yODg1LTE5XC9zMTUweDE1MFwvMTY3ODg4NzZfMjYyMzE1MDg3NTE1MDAzXzg2MTY4ODIzMTIwMzE3NjQ0ODBfYS5qcGciLCJ1c2VybmFtZSI6ImNhcmF2YW5jZW50ZXIucnUifX0seyJ1c2VyIjp7ImlkIjoiMzIzMzYxOTg0NiIsInByb2ZpbGVfcGljX3VybCI6Imh0dHBzOlwvXC9zY29udGVudC5jZG5pbnN0YWdyYW0uY29tXC90NTEuMjg4NS0xOVwvczE1MHgxNTBcLzE3NDM3NzAzXzI2Nzg1OTc4Njk1OTUzMV8yMzg3NTA0OTUzMjg0MzYyMjQwX2EuanBnIiwidXNlcm5hbWUiOiJsaW5kYW5sdiJ9fSx7InVzZXIiOnsiaWQiOiIyMjU2ODQyMDQzIiwicHJvZmlsZV9waWNfdXJsIjoiaHR0cHM6XC9cL3Njb250ZW50LmNkbmluc3RhZ3JhbS5jb21cL3Q1MS4yODg1LTE5XC9zMTUweDE1MFwvMTc0OTQ2NjhfMzk1MjMyODU3NTI3NzE5Xzc4ODM1MjA5MTk3MzIyMjQwMDBfYS5qcGciLCJ1c2VybmFtZSI6Im1vcm9jY2Fuc2Vuc2VzIn19LHsidXNlciI6eyJpZCI6IjIyOTI1ODIyMSIsInByb2ZpbGVfcGljX3VybCI6Imh0dHBzOlwvXC9zY29udGVudC5jZG5pbnN0YWdyYW0uY29tXC90NTEuMjg4NS0xOVwvczE1MHgxNTBcLzE3MDc2MTgyXzk0ODQ0OTExMTk1ODIxM18yMzk3MDMxODY5MzUxNzIzMDA4X2EuanBnIiwidXNlcm5hbWUiOiJiYXJib3Jha29yeWNob3ZhIn19LHsidXNlciI6eyJpZCI6IjQzMTAzMjQwMyIsInByb2ZpbGVfcGljX3VybCI6Imh0dHBzOlwvXC9zY29udGVudC5jZG5pbnN0YWdyYW0uY29tXC90NTEuMjg4NS0xOVwvczE1MHgxNTBcLzE2MjMwMzU1XzE2MTA3MjMyNzcyNDEzNF81OTM2OTIxNjc5NjY5MjMxNjE2X2EuanBnIiwidXNlcm5hbWUiOiJnZXJtYXNoZXZfYSJ9fV19LCJ1c2VydGFncyI6eyJub2RlcyI6W3sidXNlciI6eyJ1c2VybmFtZSI6Im5hdGFseW9zbWFubiJ9LCJ4IjowLjYwNzA4NTM0NzE3NTYsInkiOjAuNjU3ODA5OTcyNzYzMDZ9LHsidXNlciI6eyJ1c2VybmFtZSI6IjE5dG9uZXMifSwieCI6MC4wODEzMjA0NTA4ODU2NjgsInkiOjAuOTgzNjYwMTI5ODMwMjR9XX0sInJlbGF0ZWRfbWVkaWEiOnsibm9kZXMiOltdfX0=
